0 0.41807228915662653 0.7972972972972973 0.25783132530120484 0.40540540540540543
0 0.22048192771084338 0.9031531531531531 0.25783132530120484 0.19369369369369369
0 0.28674698795180725 0.46396396396396394 0.23132530120481928 0.43243243243243246
0 0.12409638554216867 0.6396396396396397 0.2289156626506024 0.43243243243243246
0 0.1927710843373494 0.14189189189189189 0.26987951807228916 0.28378378378378377
0 0.056626506024096385 0.28153153153153154 0.11325301204819277 0.46396396396396394
0 0.7987951807228916 0.8603603603603603 0.25783132530120484 0.27927927927927926
0 0.6939759036144578 0.5540540540540541 0.21204819277108433 0.42342342342342343
0 0.8879518072289156 0.34459459459459457 0.21445783132530122 0.42792792792792794
0 0.5204819277108433 0.23423423423423423 0.20722891566265061 0.38738738738738737
