0 0.5771084337349398 0.20045045045045046 0.25783132530120484 0.4009009009009009
0 0.7746987951807229 0.0945945945945946 0.25783132530120484 0.1891891891891892
0 0.708433734939759 0.5315315315315315 0.23132530120481928 0.43243243243243246
0 0.8710843373493976 0.35585585585585583 0.2289156626506024 0.43243243243243246
0 0.8024096385542169 0.8558558558558559 0.26987951807228916 0.2882882882882883
0 0.9409638554216867 0.713963963963964 0.1180722891566265 0.46396396396396394
0 0.1963855421686747 0.1373873873873874 0.25783132530120484 0.2747747747747748
0 0.30120481927710846 0.44144144144144143 0.21204819277108433 0.42342342342342343
0 0.10722891566265061 0.6509009009009009 0.21445783132530122 0.42792792792792794
0 0.4746987951807229 0.7612612612612613 0.20722891566265061 0.38738738738738737
